const ea_games = [
    [, 'PLANTS VS ZOMBIES 3'],
    [, 'JEDI'],
    [, 'NFS Heat'],
    [, 'PLANTS VS ZOMBIES'],
    [, 'NBA LIVE MOBILE'],
    [, 'FIFA20'],
    [, 'FIFA MOBILE'],
    [, 'NHL20'],
    [, 'MADDEN MOBILE'],
    [, 'MADDEN 20'],
    [, 'Origin access'],
    [, 'The SIMS4'],
    [, 'pogo'],
    [, 'APEX LEGENDS'],
    [, 'Origin'],
    [, 'THE SIMPSONS TAPPED OUT']
];

const ea_platforms = [
    [, 'iPhone'],
    [, 'iPad'],
    [, 'Tablet'],
    [, 'Phone'],
    [, 'PS4'],
    [, 'XBOX ONE'],
    [, 'PC'],
    [, 'iOS'],
    [, 'android'],
    [, 'Origin'],
    [, 'iPod'],
    [, 'Windows Tablet'],
    [, 'Windows Phone'],
    [, 'NINTENDO SWITCH'],
    [, 'kindle fire'],
    [, 'MAC']
];

const ea_games_platforms = [
    [, 1, 1],
    [, 1, 2],
    [, 1, 3],
    [, 1, 4],
    [, 2, 5],
    [, 2, 6],
    [, 2, 7],
    [, 3, 8],
    [, 3, 9],
    [, 3, 5],
    [, 3, 6],
    [, 3, 7],
    [, 3, 10],
    [, 4, 5],
    [, 4, 6],
    [, 4, 7],
    [, 5, 1],
    [, 5, 2],
    [, 5, 11],
    [, 5, 3],
    [, 5, 4],
    [, 5, 12],
    [, 5, 13],
    [, 6, 14],
    [, 6, 5],
    [, 6, 6],
    [, 6, 7],
    [, 7, 1],
    [, 7, 2],
    [, 7, 11],
    [, 7, 3],
    [, 7, 4],
    [, 8, 5],
    [, 8, 6],
    [, 9, 1],
    [, 9, 2],
    [, 9, 11],
    [, 9, 3],
    [, 9, 4],
    [, 9, 13],
    [, 9, 15],
    [, 10, 5],
    [, 10, 6],
    [, 10, 7],
    [, 12, 5],
    [, 12, 6],
    [, 12, 7],
    [, 12, 16],
    [, 13, 7],
    [, 13, 16],
    [, 13, 1],
    [, 13, 2],
    [, 13, 3],
    [, 13, 4],
    [, 13, 15],
    [, 14, 5],
    [, 14, 6],
    [, 14, 7],
    [, 15, 7],
    [, 15, 16],
    [, 16, 1],
    [, 16, 2],
    [, 16, 3],
    [, 16, 4],
    [, 16, 15]
];

const ea_topics = [
    [1, 'Promotions and events'],
    [2, 'Game information'],
    [3, 'Banned or suspended account'],
    [4, "Can't login"],
    [5, 'Missing content'],
    [6, 'Report a bug'],
    [7, 'Report player'],
    [8, 'Connection and tech support'],
    [9, 'Codes and promotions'],
    [10, 'Manage my account'],
    [11, 'Orders'],
    [12, 'Report concerns or harassment'],
    [13, 'Technical support'],
    [14, 'Warranty'],
    [15, 'Twitch Prime'],
];

const ea_games_platforms_topics = [
    [, 1, 1],
    [, 1, 2],
    [, 1, 3],
    [, 1, 4],
    [, 1, 5],
    [, 1, 6],
    [, 1, 7],
    [, 1, 8],
    [, 2, 1],
    [, 2, 2],
    [, 2, 3],
    [, 2, 4],
    [, 2, 5],
    [, 2, 6],
    [, 2, 7],
    [, 2, 8],
    [, 3, 1],
    [, 3, 2],
    [, 3, 3],
    [, 3, 4],
    [, 3, 5],
    [, 3, 6],
    [, 3, 7],
    [, 3, 8],
    [, 4, 1],
    [, 4, 2],
    [, 4, 3],
    [, 4, 4],
    [, 4, 5],
    [, 4, 6],
    [, 4, 7],
    [, 4, 8],
    [, 5, 9],
    [, 5, 2],
    [, 5, 10],
    [, 5, 5],
    [, 5, 11],
    [, 5, 6],
    [, 5, 12],
    [, 5, 13],
    [, 5, 14],
    [, 6, 9],
    [, 6, 2],
    [, 6, 10],
    [, 6, 5],
    [, 6, 11],
    [, 6, 6],
    [, 6, 12],
    [, 6, 13],
    [, 6, 14],
    [, 7, 9],
    [, 7, 2],
    [, 7, 10],
    [, 7, 5],
    [, 7, 11],
    [, 7, 6],
    [, 7, 12],
    [, 7, 13],
    [, 7, 14],
    [, 8, 9],
    [, 8, 2],
    [, 8, 10],
    [, 8, 5],
    [, 8, 11],
    [, 8, 6],
    [, 8, 12],
    [, 8, 13],
    [, 8, 14],
    [, 9, 9],
    [, 9, 2],
    [, 9, 10],
    [, 9, 5],
    [, 9, 11],
    [, 9, 6],
    [, 9, 12],
    [, 9, 13],
    [, 9, 14],
    [, 10, 9],
    [, 10, 2],
    [, 10, 10],
    [, 10, 5],
    [, 10, 11],
    [, 10, 6],
    [, 10, 12],
    [, 10, 13],
    [, 10, 14],
    [, 11, 9],
    [, 11, 2],
    [, 11, 10],
    [, 11, 5],
    [, 11, 11],
    [, 11, 6],
    [, 11, 12],
    [, 11, 13],
    [, 11, 14],
    [, 12, 9],
    [, 12, 2],
    [, 12, 10],
    [, 12, 5],
    [, 12, 11],
    [, 12, 6],
    [, 12, 12],
    [, 12, 13],
    [, 12, 14],
    [, 13, 9],
    [, 13, 2],
    [, 13, 10],
    [, 13, 5],
    [, 13, 11],
    [, 13, 6],
    [, 13, 12],
    [, 13, 13],
    [, 13, 14],
    [, 14, 9],
    [, 14, 2],
    [, 14, 10],
    [, 14, 5],
    [, 14, 11],
    [, 14, 6],
    [, 14, 12],
    [, 14, 13],
    [, 14, 14],
    [, 15, 9],
    [, 15, 2],
    [, 15, 10],
    [, 15, 5],
    [, 15, 11],
    [, 15, 6],
    [, 15, 12],
    [, 15, 13],
    [, 15, 14],
    [, 16, 9],
    [, 16, 2],
    [, 16, 10],
    [, 16, 5],
    [, 16, 11],
    [, 16, 6],
    [, 16, 12],
    [, 16, 13],
    [, 16, 14],
    [, 17, 1],
    [, 17, 3],
    [, 17, 4],
    [, 17, 5],
    [, 17, 6],
    [, 17, 7],
    [, 17, 8],
    [, 18, 1],
    [, 18, 3],
    [, 18, 4],
    [, 18, 5],
    [, 18, 6],
    [, 18, 7],
    [, 18, 8],
    [, 19, 1],
    [, 19, 3],
    [, 19, 4],
    [, 19, 5],
    [, 19, 6],
    [, 19, 7],
    [, 19, 8],
    [, 20, 1],
    [, 20, 3],
    [, 20, 4],
    [, 20, 5],
    [, 20, 6],
    [, 20, 7],
    [, 20, 8],
    [, 21, 1],
    [, 21, 3],
    [, 21, 4],
    [, 21, 5],
    [, 21, 6],
    [, 21, 7],
    [, 21, 8],
    [, 22, 1],
    [, 22, 3],
    [, 22, 4],
    [, 22, 5],
    [, 22, 6],
    [, 22, 7],
    [, 22, 8],
    [, 23, 1],
    [, 23, 3],
    [, 23, 4],
    [, 23, 5],
    [, 23, 6],
    [, 23, 7],
    [, 23, 8],
    [, 24, 9],
    [, 24, 2],
    [, 24, 10],
    [, 24, 5],
    [, 24, 11],
    [, 24, 6],
    [, 24, 12],
    [, 24, 13],
    [, 24, 15],
    [, 24, 14],
    [, 25, 9],
    [, 25, 2],
    [, 25, 10],
    [, 25, 5],
    [, 25, 11],
    [, 25, 6],
    [, 25, 12],
    [, 25, 13],
    [, 25, 15],
    [, 25, 14],
    [, 26, 9],
    [, 26, 2],
    [, 26, 10],
    [, 26, 5],
    [, 26, 11],
    [, 26, 6],
    [, 26, 12],
    [, 26, 13],
    [, 26, 15],
    [, 26, 14],
    [, 27, 9],
    [, 27, 2],
    [, 27, 10],
    [, 27, 5],
    [, 27, 11],
    [, 27, 6],
    [, 27, 12],
    [, 27, 13],
    [, 27, 15],
    [, 27, 14],
    [, 28, 1],
    [, 28, 3],
    [, 28, 4],
    [, 28, 5],
    [, 28, 6],
    [, 28, 7],
    [, 28, 8],
    [, 29, 1],
    [, 29, 3],
    [, 29, 4],
    [, 29, 5],
    [, 29, 6],
    [, 29, 7],
    [, 29, 8],
    [, 30, 1],
    [, 30, 3],
    [, 30, 4],
    [, 30, 5],
    [, 30, 6],
    [, 30, 7],
    [, 30, 8],
    [, 31, 1],
    [, 31, 3],
    [, 31, 4],
    [, 31, 5],
    [, 31, 6],
    [, 31, 7],
    [, 31, 8],
    [, 32, 1],
    [, 32, 3],
    [, 32, 4],
    [, 32, 5],
    [, 32, 6],
    [, 32, 7],
    [, 32, 8],
    [, 33, 9],
    [, 33, 2],
    [, 33, 10],
    [, 33, 5],
    [, 33, 11],
    [, 33, 6],
    [, 33, 12],
    [, 33, 13],
    [, 33, 14],
    [, 34, 9],
    [, 34, 2],
    [, 34, 10],
    [, 34, 5],
    [, 34, 11],
    [, 34, 6],
    [, 34, 12],
    [, 34, 13],
    [, 34, 14],
    [, 35, 1],
    [, 35, 3],
    [, 35, 4],
    [, 35, 5],
    [, 35, 6],
    [, 35, 7],
    [, 35, 8],
    [, 36, 1],
    [, 36, 3],
    [, 36, 4],
    [, 36, 5],
    [, 36, 6],
    [, 36, 7],
    [, 36, 8],
    [, 37, 1],
    [, 37, 3],
    [, 37, 4],
    [, 37, 5],
    [, 37, 6],
    [, 37, 7],
    [, 37, 8],
    [, 38, 1],
    [, 38, 3],
    [, 38, 4],
    [, 38, 5],
    [, 38, 6],
    [, 38, 7],
    [, 38, 8],
    [, 39, 1],
    [, 39, 3],
    [, 39, 4],
    [, 39, 5],
    [, 39, 6],
    [, 39, 7],
    [, 39, 8],
    [, 40, 1],
    [, 40, 3],
    [, 40, 4],
    [, 40, 5],
    [, 40, 6],
    [, 40, 7],
    [, 40, 8],
    [, 41, 1],
    [, 41, 3],
    [, 41, 4],
    [, 41, 5],
    [, 41, 6],
    [, 41, 7],
    [, 41, 8],
    [, 42, 9],
    [, 42, 2],
    [, 42, 10],
    [, 42, 5],
    [, 42, 11],
    [, 42, 6],
    [, 42, 12],
    [, 42, 13],
    [, 42, 15],
    [, 42, 14],
    [, 43, 9],
    [, 43, 2],
    [, 43, 10],
    [, 43, 5],
    [, 43, 11],
    [, 43, 6],
    [, 43, 12],
    [, 43, 13],
    [, 43, 15],
    [, 43, 14],
    [, 44, 9],
    [, 44, 2],
    [, 44, 10],
    [, 44, 5],
    [, 44, 11],
    [, 44, 6],
    [, 44, 12],
    [, 44, 13],
    [, 44, 15],
    [, 44, 14],
    [, 45, 10],
    [, 45, 6],
    [, 45, 12],
    [, 45, 13],
    [, 46, 10],
    [, 46, 6],
    [, 46, 12],
    [, 46, 13],
    [, 47, 10],
    [, 47, 6],
    [, 47, 12],
    [, 47, 13],
    [, 48, 10],
    [, 48, 6],
    [, 48, 12],
    [, 48, 13],
    [, 49, 9],
    [, 49, 2],
    [, 49, 10],
    [, 49, 5],
    [, 49, 11],
    [, 49, 6],
    [, 49, 12],
    [, 49, 13],
    [, 50, 9],
    [, 50, 2],
    [, 50, 10],
    [, 50, 5],
    [, 50, 11],
    [, 50, 6],
    [, 50, 12],
    [, 50, 13],
    [, 51, 9],
    [, 51, 2],
    [, 51, 10],
    [, 51, 5],
    [, 51, 11],
    [, 51, 6],
    [, 51, 12],
    [, 51, 13],
    [, 52, 9],
    [, 52, 2],
    [, 52, 10],
    [, 52, 5],
    [, 52, 11],
    [, 52, 6],
    [, 52, 12],
    [, 52, 13],
    [, 53, 9],
    [, 53, 2],
    [, 53, 10],
    [, 53, 5],
    [, 53, 11],
    [, 53, 6],
    [, 53, 12],
    [, 53, 13],
    [, 54, 9],
    [, 54, 2],
    [, 54, 10],
    [, 54, 5],
    [, 54, 11],
    [, 54, 6],
    [, 54, 12],
    [, 54, 13],
    [, 55, 9],
    [, 55, 2],
    [, 55, 10],
    [, 55, 5],
    [, 55, 11],
    [, 55, 6],
    [, 55, 12],
    [, 55, 13],
    [, 56, 9],
    [, 56, 2],
    [, 56, 10],
    [, 56, 5],
    [, 56, 11],
    [, 56, 6],
    [, 56, 12],
    [, 56, 13],
    [, 56, 15],
    [, 56, 14],
    [, 57, 9],
    [, 57, 2],
    [, 57, 10],
    [, 57, 5],
    [, 57, 11],
    [, 57, 6],
    [, 57, 12],
    [, 57, 13],
    [, 57, 15],
    [, 57, 14],
    [, 58, 9],
    [, 58, 2],
    [, 58, 10],
    [, 58, 5],
    [, 58, 11],
    [, 58, 6],
    [, 58, 12],
    [, 58, 13],
    [, 58, 15],
    [, 58, 14],
    [, 60, 9],
    [, 60, 2],
    [, 60, 10],
    [, 60, 5],
    [, 60, 11],
    [, 60, 6],
    [, 60, 12],
    [, 60, 13],
    [, 60, 14],
    [, 61, 9],
    [, 61, 10],
    [, 61, 5],
    [, 61, 6],
    [, 61, 13],
    [, 62, 9],
    [, 62, 10],
    [, 62, 5],
    [, 62, 6],
    [, 62, 13],
    [, 63, 9],
    [, 63, 10],
    [, 63, 5],
    [, 63, 6],
    [, 63, 13],
    [, 64, 9],
    [, 64, 10],
    [, 64, 5],
    [, 64, 6],
    [, 64, 13],
    [, 65, 9],
    [, 65, 10],
    [, 65, 5],
    [, 65, 6],
    [, 65, 13]
];